0.899421
0.632854
0.575215
0.592038
0.561796
0.588224
0.713815
0.712908
0.673984
0.588112
0.619967
0.684976
0.579507
0.631665
0.672533
0.77746
0.664974
0.742905
0.668861
0.586602
0.654723
0.674151
0.577728
0.621993
0.662951
0.79082
0.710473
0.771201
0.890779
0.607687
0.583712
0.561819
0.569504
0.64768
0.593287
0.685786
0.597887
0.61613
0.68023
0.583373
0.642754
0.673274
0.779919
0.701599
0.784323
0.715961
0.662989
0.588956
0.618394
0.661649
0.594026
0.623544
0.70219
0.763826
0.706966
0.827454
1.06026
1.15457
0.976735
0.98403
0.881679
0.820822
0.962764
0.879601
1.02936
1.0167
0.894139
0.867338
0.969463
0.824704
0.970345
0.971876
0.891805
0.850276
0.880928
0.858749
1.01715
0.985373
0.95469
0.879682
0.89459
0.88532
0.898848
0.563827
0.580523
0.678348
0.590369
0.626464
0.664953
0.592025
0.620729
0.675663
0.780819
0.700397
0.774466
1.03157
0.978354
0.97101
0.969744
0.880055
0.915401
0.86768
0.54408
0.55825
0.606167
0.566135
0.604642
0.667205
0.751485
0.666459
0.718781
0.564782
0.586992
0.575906
0.599088
0.664555
0.722251
0.646588
0.702814
0.565134
0.558619
0.599203
0.557226
0.562829
0.630119
0.703022
0.660443
0.715736
0.566367
0.582128
0.563909
0.582136
0.660692
0.693758
0.653546
0.676792
0.56632
0.566203
0.566198
0.584811
0.566439
0.617045
0.657245
0.750793
0.643429
0.69508
-0.744867
-0.752571
-0.747388
-0.797604
-0.72476
-0.77042
-0.777713
-0.829893
-0.805134
-0.81472
-0.782429
-0.826552
-0.781448
-0.837325
-0.871094
-0.835225
-0.954578
-0.894771
-0.946939
-0.984191
-1.03643
-0.994654
-1.0394
-0.8422
-0.837302
-0.843418
-0.932493
-0.956537
-0.900473
-0.954729
-0.896991
-0.95188
-0.995566
-1.04311
-0.981455
-1.0367
-0.745498
-0.745236
-0.724838
-0.704096
-0.791331
-0.788597
-0.779148
-0.790945
-0.817948
-0.78095
-0.834884
-0.854993
-0.838808
-0.899683
-0.833019
-0.836001
-0.934976
-0.883479
-0.946618
-0.895165
-0.953603
-0.986824
-1.03162
-1.00285
-1.03754
-0.830018
-0.87285
-0.91114
-0.843422
-0.832348
-0.910041
-0.962556
-0.944437
-0.893483
-0.903967
-0.900057
-0.936345
-0.99413
-1.03703
-0.991211
-1.03548
-1.04021
-1.07134
-1.05065
-1.07239
-1.04216
-1.06974
-1.05405
-1.08996
-1.07361
-1.06718
-1.08355
-1.07497
-1.07812
-1.06855
-1.05684
-1.04468
-1.04835
-1.06195
-1.04102
-1.06854
-1.0711
-1.06898
-1.08239
-1.06996
-1.05192
-1.04961
-1.07193
-1.07227
-1.07447
-1.06706
-1.06931
-1.04647
-0.736562
-0.746152
-0.73235
-0.755077
-0.716391
-0.717018
-0.791041
-0.725992
-0.79151
-0.777721
-0.776458
-0.833433
-0.833525
-0.874132
-0.905014
-0.827666
-0.83951
-0.910567
-0.908038
-0.950309
-0.894128
-0.903031
-0.982108
-1.03736
-0.997767
-1.01123
-1.05398
-1.02487
-1.04893
-1.06915
-1.07067
-1.09171
-1.07083
-1.06699
-1.05029
-1.04721
2.14082
2.12251
2.12202
2.15129
2.14997
2.15077
2.14606
2.15916
2.26513
2.28895
2.3036
2.28534
2.31421
2.28473
2.32822
2.32055
2.159
2.29646
2.27423
2.28998
2.27011
2.27589
2.33402
2.38508
2.39305
2.40326
2.31331
2.36697
2.3515
2.4053
2.43776
2.15046
2.15054
2.15744
2.15527
2.15881
2.26965
2.28868
2.30139
2.27729
2.3272
2.2911
2.33503
2.34973
2.36753
2.40371
2.3237
2.35064
2.39263
2.15855
2.22268
2.22517
2.26195
2.18153
2.22386
2.2251
2.2419
2.27315
2.29641
2.2675
2.29436
2.29511
2.32624
2.27726
2.32895
2.32711
2.42122
2.43936
2.46997
2.42229
2.44117
2.4905
2.53982
2.54373
2.39495
2.4368
2.49093
2.42293
2.43247
2.49792
2.5256
2.52672
2.47995
2.52894
2.56664
2.47565
2.52788
2.54866
2.56868
2.68183
2.68892
2.48098
2.52746
2.5641
2.49301
2.52728
2.55739
2.54912
2.68015
2.68334
2.65553
2.67099
2.74277
2.66512
2.74924
2.73564
2.77913
2.78105
2.72764
2.76028
2.81484
2.8183
2.86723
2.86971
2.8813
2.82937
2.86925
2.87248
2.88253
2.68662
2.74278
2.67918
2.74591
2.71916
2.78383
2.78346
2.73386
2.78992
2.81961
2.8164
2.86769
2.88119
2.82253
2.86751
2.8774
2.41883
2.42718
2.50008
2.3883
2.42666
2.48689
2.51253
2.54066
2.40524
2.4364
2.46894
2.4235
2.4358
2.46823
2.52477
2.53811
2.48061
2.52457
2.54934
2.48108
2.51632
2.56096
2.55579
2.67979
2.67873
2.48163
2.53032
2.56634
2.48054
2.52157
2.56065
2.55858
2.60507
2.62306
2.6447
2.55063
2.60573
2.62401
2.63856
2.68601
2.67227
2.68637
2.76322
2.69222
2.74787
2.73708
2.75481
2.81782
2.71078
2.78814
2.81033
2.81898
2.87047
2.87456
2.83029
2.86526
2.88212
2.65981
2.74113
2.67379
2.75221
2.73724
2.75957
2.80536
2.73076
2.79448
2.78258
2.82572
2.85919
2.93273
2.8183
2.86266
2.92586
2.1219
2.1362
2.12798
2.12978
2.13625
2.15697
2.15606
2.14786
2.15161
2.15832
2.21725
2.22211
2.25391
2.16575
2.22407
2.21037
2.25344
2.30295
2.2642
2.29032
2.28835
2.26893
2.3271
2.17387
2.22148
2.21134
2.24683
2.1884
2.22059
2.21595
2.24769
2.26542
2.30414
2.29575
2.25979
2.32939
2.27179
2.32407
2.37428
2.15433
2.1515
2.14755
2.15606
2.19571
2.22085
2.22868
2.24845
2.15447
2.21656
2.22726
2.23294
2.26948
2.28329
2.26913
2.28416
2.29777
2.28692
2.32345
2.38144
2.35873
2.41208
2.3137
2.3543
2.34776
2.38988
2.19429
2.24709
2.21614
2.24891
2.18267
2.2335
2.20766
2.24412
2.29408
2.26793
2.27695
2.26917
2.30528
2.32919
2.35999
2.34584
2.41032
2.32501
2.36277
2.36587
2.38309
2.45977
2.44015
2.43057
2.48104
2.41733
2.44707
2.50416
2.51836
2.54331
2.38939
2.43216
2.50941
2.42327
2.43924
2.4838
2.53536
2.52535
2.48353
2.51941
2.54826
2.48149
2.52887
2.56631
2.53761
2.68774
2.68268
2.48135
2.52474
2.55976
2.47671
2.51824
2.5588
2.56775
2.59669
2.62848
2.65552
2.56692
2.60293
2.60389
2.65278
2.67613
2.66472
2.67266
2.75077
2.68704
2.75425
2.72834
2.78921
2.8092
2.72217
2.79069
2.81083
2.83952
2.86722
2.88067
2.82686
2.84707
2.88574
2.68735
2.75214
2.68264
2.72569
2.73525
2.78423
2.8196
2.7204
2.7598
2.81439
2.79669
2.85493
2.91213
2.86544
2.87261
2.86344
2.92416
2.39832
2.44285
2.46217
2.40662
2.43195
2.45029
2.51752
2.53649
2.39923
2.44541
2.46285
2.41208
2.4485
2.46648
2.52588
2.53269
2.48055
2.53202
2.56203
2.47072
2.52733
2.55482
2.59942
2.6832
2.69027
2.47397
2.496
2.48077
2.52133
2.56275
2.56741
2.59867
2.60794
2.65884
2.56163
2.59771
2.61547
2.65528
2.68969
2.68739
2.68179
2.72649
2.71925
2.74391
2.69923
2.78428
2.8077
2.73586
2.7715
2.79376
2.83619
2.84538
2.88026
2.83194
2.84144
2.89424
2.6693
2.7249
2.71832
2.74212
2.72482
2.76219
2.82063
2.71203
2.77915
2.80154
2.81021
2.86684
2.90725
2.80341
2.86267
2.90048
2.89106
2.93839
2.88505
2.93282
2.93696
2.89014
2.93985
2.88715
2.94375
2.88062
2.94265
2.93787
2.93539
2.93511
2.94013
2.83774
2.8861
2.94146
2.94029
2.88692
2.92777
2.88853
2.91096
2.89712
2.87876
2.92992
2.97499
2.93433
2.93437
2.97543
2.9604
2.97328
2.96855
2.96857
2.95989
2.95785
2.96975
2.97143
2.97681
2.96893
2.94386
2.95137
2.99571
3.00958
3.00365
3.05362
2.98353
3.00377
3.0106
3.05505
3.10694
3.10069
-3.13445
3.06724
3.08681
-3.11693
3.1209
-3.11095
3.11968
-3.10708
2.98401
3.00905
3.00969
3.06475
2.97783
3.00744
3.01827
3.06495
3.06603
3.08668
-3.12344
3.07366
3.08934
3.12504
3.11487
-3.10638
-3.10374
3.11425
-3.10641
-3.07992
-3.06951
-2.98251
3.00282
3.01079
3.01114
3.0505
2.97576
3.00944
3.01575
3.03094
3.06658
3.09502
3.1337
3.07058
3.08381
3.12598
3.09667
-3.11676
3.09993
-3.11359
2.98012
3.01126
3.01721
3.0561
2.99318
3.00021
3.01665
3.05328
3.07251
3.12216
-3.12568
3.06353
3.07612
-3.1162
3.12332
-3.12053
3.11929
-3.10986
-3.11266
-3.07606
-3.10256
-3.08295
2.99477
3.00657
3.00536
3.06402
2.96767
2.98852
3.02624
3.05664
3.07461
3.10158
-3.13625
3.06705
3.08015
3.12625
3.12375
-3.12792
-3.10315
3.11834
-3.10764
2.99954
3.00082
3.00657
3.04081
2.98948
3.05496
3.06555
3.09011
3.1001
3.12987
3.07741
3.10569
-3.12393
3.10903
-3.10582
3.12501
-3.10791
-3.03663
-3.10052
2.9941
3.00964
3.02918
3.05348
2.98446
2.98999
3.03635
3.03702
3.07364
3.09627
-3.12409
3.09313
3.10501
3.13753
3.11773
-3.11216
3.11816
-3.10584
2.97634
3.05559
3.02605
2.98782
3.00232
3.04444
3.06115
3.08521
3.12982
3.10376
3.12478
3.11705
-3.12051
3.10583
-3.12245
-3.05627
-3.03459
-3.00931
-3.07798
-3.06431
-3.03511
-3.02016
-3.08972
-3.05566
-3.01924
-3.05228
-3.01182
-3.01821
-2.68648
-2.54871
-2.5261
